1500.0  -15.664
1501.0  -15.994
1502.0  -12.584
1503.0  -25.454
1504.0  -15.994
1505.0  20.416
1506.0  12.496
1507.0  4.5760
1508.0  -56.254
1509.0  -12.364
1510.0  -8.7340
1511.0  -60.764
1512.0  -36.014
1513.0  -37.334
1514.0  -80.344
1515.0  -13.354
1516.0  51.436
1517.0  -83.644
1518.0  -29.194
1519.0  7.2160
1520.0  -5.4340
1521.0  53.746
1522.0  -20.394
1523.0  22.616
1524.0  16.016
1525.0  -21.494
1526.0  -8.2940
1527.0  -7.9640
1528.0  2.8160
1529.0  -33.374
1530.0  52.426
1531.0  16.786
1532.0  16.236
1533.0  -20.504
1534.0  -16.654
1535.0  -30.514
1536.0  15.466
1537.0  -12.474
1538.0  36.366
1539.0  -0.92398
1540.0  86.746
1541.0  -47.454
1542.0  -40.634
1543.0  -54.934
1544.0  -76.054
1545.0  36.696
1546.0  -59.994
1547.0  -10.274
1548.0  -23.914
1549.0  18.546
1550.0  -30.074
1551.0  -35.244
1552.0  37.026
1553.0  13.046
1554.0  -48.554
1555.0  -20.834
1556.0  50.336
1557.0  -46.684
1558.0  22.286
1559.0  8.5360
1560.0  -12.144
1561.0  -65.054
1562.0  49.346
1563.0  -61.974
1564.0  -15.554
1565.0  -110.59
1566.0  0.066002
1567.0  13.816
1568.0  -15.444
1569.0  -120.71
1570.0  -12.584
1571.0  -28.644
1572.0  -26.774
1573.0  -141.50
1574.0  -4.7740
1575.0  -12.034
1576.0  -18.634
1577.0  0.28599
1578.0  -12.254
1579.0  -32.054
1580.0  3.4760
1581.0  -8.2940
1582.0  -11.814
1583.0  21.626
1584.0  10.076
1585.0  23.276
1586.0  -64.944
1587.0  -108.72
1588.0  -25.784
1589.0  -26.224
1590.0  -4.0040
1591.0  -21.494
1592.0  -15.664
1593.0  -75.944
1594.0  -33.594
1595.0  -112.46
1596.0  21.406
1597.0  -54.274
1598.0  -53.284
1599.0  -4.6640
1600.0  -130.17
1601.0  -122.03
1602.0  3.6960
1603.0  -6.0940
1604.0  9.6360
1605.0  16.676
1606.0  -21.164
1607.0  57.156
1608.0  -129.40
1609.0  26.686
1610.0  -2.1340
1611.0  2.2661
1612.0  -26.994
1613.0  25.146
1614.0  -81.884
1615.0  -20.834
1616.0  -7.0840
1617.0  35.266
1618.0  -28.974
1619.0  -14.344
1620.0  -34.254
1621.0  -88.374
1622.0  -59.664
1623.0  -0.70399
1624.0  -23.254
1625.0  -0.59395
1626.0  23.936
1627.0  -86.834
1628.0  -19.954
1629.0  23.166
1630.0  14.476
1631.0  4.7960
1632.0  -48.004
1633.0  -4.4440
1634.0  -28.424
1635.0  -89.144
1636.0  6.8860
1637.0  -28.424
1638.0  0.94604
1639.0  -1.4740
1640.0  -61.094
1641.0  -53.944
1642.0  -27.104
1643.0  -32.714
1644.0  -10.274
1645.0  2.4860
1646.0  -38.104
1647.0  21.186
1648.0  -5.2140
1649.0  -55.044
1650.0  7.4360
1651.0  -28.204
1652.0  -1.6940
1653.0  -15.664
1654.0  -2.2440
1655.0  -46.684
1656.0  -33.814
1657.0  3.5860
1658.0  -100.36
1659.0  -25.234
1660.0  -36.454
1661.0  50.556
1662.0  9.8560
1663.0  -23.144
1664.0  -7.4140
1665.0  -67.254
1666.0  -27.104
1667.0  -13.134
1668.0  19.096
1669.0  -16.654
1670.0  -27.324
1671.0  28.996
1672.0  -24.134
1673.0  8.7559
1674.0  -42.834
1675.0  -48.994
1676.0  -19.184
1677.0  -27.764
1678.0  20.196
1679.0  -50.974
1680.0  25.916
1681.0  -36.014
1682.0  20.966
1683.0  -35.904
1684.0  -70.884
1685.0  -43.384
1686.0  35.266
1687.0  -36.674
1688.0  -64.064
1689.0  -37.774
1690.0  -12.144
1691.0  -87.274
1692.0  -68.244
1693.0  3.2560
1694.0  -58.124
1695.0  -96.294
1696.0  -4.1140
1697.0  -90.024
1698.0  -70.334
1699.0  -13.574
1700.0  -50.314
1701.0  -2.3540
1702.0  24.926
1703.0  5.8961
1704.0  -8.8440
1705.0  -24.794
1706.0  28.116
1707.0  18.876
1708.0  34.386
1709.0  -76.164
1710.0  19.536
1711.0  22.176
1712.0  -26.664
1713.0  -44.374
1714.0  -38.324
1715.0  -14.124
1716.0  -89.474
1717.0  -13.574
1718.0  -16.434
1719.0  -1.4740
1720.0  -27.984
1721.0  -18.194
1722.0  60.236
1723.0  37.136
1724.0  10.186
1725.0  -29.634
1726.0  -19.734
1727.0  37.026
1728.0  8.6460
1729.0  -17.534
1730.0  -4.5540
1731.0  -17.754
1732.0  -17.424
1733.0  31.966
1734.0  26.466
1735.0  45.716
1736.0  16.786
1737.0  15.136
1738.0  36.256
1739.0  -46.024
1740.0  -98.384
1741.0  7.9860
1742.0  -29.524
1743.0  16.456
1744.0  10.626
1745.0  -14.674
1746.0  8.9760
1747.0  3.2560
1748.0  9.1960
1749.0  6.3360
1750.0  20.196
1751.0  1.8260
1752.0  40.546
1753.0  2.1560
1754.0  -2.3540
1755.0  -20.064
1756.0  -4.5540
1757.0  12.606
1758.0  -64.944
1759.0  -7.7440
1760.0  -35.904
1761.0  19.426
1762.0  -4.3340
1763.0  -24.684
1764.0  48.136
1765.0  21.626
1766.0  22.396
1767.0  -31.614
1768.0  -36.454
1769.0  2.9260
1770.0  2.7060
1771.0  -35.134
1772.0  37.026
1773.0  63.316
1774.0  -18.414
1775.0  58.256
1776.0  4.5760
1777.0  -32.824
1778.0  16.236
1779.0  78.936
1780.0  -24.244
1781.0  26.906
1782.0  -58.344
1783.0  23.276
1784.0  -51.964
1785.0  -97.944
1786.0  -68.024
1787.0  -9.9440
1788.0  -63.184
1789.0  14.146
1790.0  15.246
1791.0  63.096
1792.0  -2.9040
1793.0  25.696
1794.0  85.096
1795.0  -11.924
1796.0  15.576
1797.0  94.116
1798.0  42.306
1799.0  -97.174
1800.0  -10.934
1801.0  46.046
1802.0  13.706
1803.0  -63.734
1804.0  -22.264
1805.0  -81.994
1806.0  46.926
1807.0  30.976
1808.0  -38.654
1809.0  -44.704
1810.0  -48.774
1811.0  32.516
1812.0  -83.974
1813.0  -16.104
1814.0  -60.104
1815.0  -25.454
1816.0  -56.144
1817.0  -8.2940
1818.0  28.776
1819.0  23.936
1820.0  -32.494
1821.0  10.516
1822.0  103.14
1823.0  12.936
1824.0  64.086
1825.0  34.496
1826.0  48.576
1827.0  28.446
1828.0  -23.144
1829.0  -139.85
1830.0  -33.594
1831.0  -18.194
1832.0  -50.534
1833.0  -2.4640
1834.0  44.616
1835.0  -43.274
1836.0  -8.0740
1837.0  -58.564
1838.0  -100.14
1839.0  -24.464
1840.0  -90.684
1841.0  24.376
1842.0  -33.044
1843.0  7.3260
1844.0  -59.884
1845.0  -54.494
1846.0  36.696
1847.0  -23.364
1848.0  1.7160
1849.0  -51.634
1850.0  -41.074
1851.0  -4.2239
1852.0  -17.754
1853.0  -17.314
1854.0  -13.134
1855.0  -64.834
1856.0  -70.884
1857.0  -18.414
1858.0  -31.834
1859.0  43.516
1860.0  -51.194
1861.0  -30.294
1862.0  -76.494
1863.0  71.016
1864.0  -95.194
1865.0  -26.444
1866.0  -1.5840
1867.0  -94.644
1868.0  21.626
1869.0  24.706
1870.0  -78.584
1871.0  -141.28
1872.0  59.136
1873.0  8.0960
1874.0  -25.784
1875.0  -143.26
1876.0  -56.804
1877.0  -57.684
1878.0  29.876
1879.0  -79.244
1880.0  -48.224
1881.0  -101.46
1882.0  10.626
1883.0  -29.194
1884.0  -44.044
1885.0  -47.674
1886.0  -25.234
1887.0  -34.584
1888.0  -125.99
1889.0  -43.054
1890.0  -6.0940
1891.0  -44.814
1892.0  -57.024
1893.0  -82.104
1894.0  -6.8640
1895.0  -43.384
1896.0  -34.364
1897.0  0.72595
1898.0  7.6560
1899.0  -26.884
1900.0  -25.674
1901.0  -10.714
1902.0  -111.47
1903.0  11.066
1904.0  -40.854
1905.0  -17.094
1906.0  7.9860
1907.0  -77.704
1908.0  -65.054
1909.0  -53.174
1910.0  19.866
1911.0  -10.384
1912.0  -69.014
1913.0  8.6460
1914.0  3.5860
1915.0  -61.644
1916.0  9.5261
1917.0  -72.974
1918.0  -4.9941
1919.0  -59.994
1920.0  35.046
1921.0  19.096
1922.0  -39.974
1923.0  -3.5640
1924.0  -24.244
1925.0  19.756
1926.0  14.586
1927.0  -0.37397
1928.0  -13.354
1929.0  -47.454
1930.0  66.616
1931.0  -33.484
1932.0  27.786
1933.0  -54.384
1934.0  101.49
1935.0  16.676
1936.0  49.566
1937.0  74.756
1938.0  85.756
1939.0  36.696
1940.0  -92.444
1941.0  -110.70
1942.0  -91.234
1943.0  70.246
1944.0  34.606
1945.0  11.396
1946.0  35.706
1947.0  20.306
1948.0  52.646
1949.0  77.396
1950.0  45.386
1951.0  32.076
1952.0  8.3160
1953.0  35.376
1954.0  -5.9840
1955.0  -6.9740
1956.0  -106.08
1957.0  53.416
1958.0  3.1460
1959.0  50.336
1960.0  41.316
1961.0  93.566
1962.0  -5.4340
1963.0  -43.714
1964.0  2.9260
1965.0  -55.044
1966.0  17.446
1967.0  35.596
1968.0  -12.364
1969.0  -59.774
1970.0  -3.4540
1971.0  2.7060
1972.0  26.796
1973.0  6.3360
1974.0  66.066
1975.0  85.646
1976.0  -54.604
1977.0  14.696
1978.0  -49.434
1979.0  0.50597
1980.0  -49.324
1981.0  26.026
1982.0  44.176
1983.0  71.126
1984.0  25.916
1985.0  -69.014
1986.0  0.50597
1987.0  -63.404
1988.0  50.776
1989.0  146.92
1990.0  135.37
1991.0  49.236
1992.0  71.566
1993.0  16.566
1994.0  98.516
1995.0  89.606
1996.0  4.7960
1997.0  59.686
1998.0  61.556
1999.0  124.04
2000.0  149.12
2001.0  107.32
2002.0  131.96
2003.0  117.22
2004.0  101.93
2005.0  68.915
2006.0  174.51
2007.0  187.72
2008.0  138.21
2009.0  159.11
2010.0  35.915
2011.0  248.21
2012.0  159.11
2013.0  99.715
2014.0  232.81
2015.0  250.41
2016.0  184.41
2017.0  197.61 
